;; GF7/MUX RSR
;;
;; Converted from GF-7-DLC RSR.xls
;;
;; datasets: wavelength, RSR
;;
;; BAND MS1
350	0.008
351	0.008
352	0.008
353	0.008
354	0.007
355	0.007
356	0.008
357	0.008
358	0.008
359	0.009
360	0.009
361	0.008
362	0.007
363	0.006
364	0.005
365	0.004
366	0.005
367	0.005
368	0.006
369	0.006
370	0.007
371	0.007
372	0.007
373	0.008
374	0.008
375	0.008
376	0.009
377	0.009
378	0.01
379	0.01
380	0.011
381	0.01
382	0.01
383	0.01
384	0.009
385	0.009
386	0.009
387	0.009
388	0.009
389	0.009
390	0.01
391	0.009
392	0.009
393	0.009
394	0.009
395	0.009
396	0.009
397	0.009
398	0.008
399	0.008
400	0.008
401	0.008
402	0.009
403	0.009
404	0.009
405	0.009
406	0.009
407	0.009
408	0.009
409	0.009
410	0.009
411	0.009
412	0.009
413	0.009
414	0.009
415	0.009
416	0.009
417	0.009
418	0.009
419	0.009
420	0.009
421	0.009
422	0.009
423	0.009
424	0.009
425	0.009
426	0.009
427	0.009
428	0.009
429	0.009
430	0.009
431	0.009
432	0.009
433	0.009
434	0.009
435	0.009
436	0.009
437	0.009
438	0.009
439	0.01
440	0.01
441	0.017
442	0.025
443	0.032
444	0.039
445	0.046
446	0.08
447	0.113
448	0.147
449	0.18
450	0.213
451	0.275
452	0.337
453	0.399
454	0.46
455	0.522
456	0.54
457	0.559
458	0.577
459	0.596
460	0.614
461	0.629
462	0.644
463	0.659
464	0.675
465	0.69
466	0.706
467	0.723
468	0.739
469	0.755
470	0.772
471	0.783
472	0.795
473	0.806
474	0.817
475	0.829
476	0.834
477	0.84
478	0.845
479	0.85
480	0.856
481	0.858
482	0.861
483	0.863
484	0.866
485	0.868
486	0.868
487	0.868
488	0.868
489	0.868
490	0.868
491	0.872
492	0.876
493	0.88
494	0.884
495	0.887
496	0.891
497	0.895
498	0.899
499	0.903
500	0.907
501	0.916
502	0.925
503	0.934
504	0.943
505	0.952
506	0.961
507	0.971
508	0.981
509	0.99
510	1
511	1
512	1
513	1
514	1
515	0.999
516	0.89
517	0.781
518	0.671
519	0.562
520	0.452
521	0.365
522	0.277
523	0.189
524	0.102
525	0.014
526	0.014
527	0.014
528	0.013
529	0.013
530	0.013
531	0.013
532	0.012
533	0.012
534	0.012
535	0.012
536	0.012
537	0.011
538	0.011
539	0.011
540	0.01
541	0.01
542	0.01
543	0.009
544	0.009
545	0.009
546	0.009
547	0.009
548	0.008
549	0.008
550	0.008
551	0.008
552	0.007
553	0.007
554	0.007
555	0.006
556	0.006
557	0.006
558	0.006
559	0.006
560	0.005
561	0.005
562	0.005
563	0.005
564	0.004
565	0.004
566	0.004
567	0.004
568	0.003
569	0.003
570	0.003
571	0.003
572	0.002
573	0.002
574	0.002
575	0.002
576	0.002
577	0.001
578	0.001
579	0.001
580	0.001
581	0.001
582	0.001
583	0.001
584	0.001
585	0.001
586	0.001
587	0.001
588	0.001
589	0.001
590	0.001
591	0.001
592	0
593	0
594	0
595	0
596	0
597	0
598	0.001
599	0.001
600	0.001
601	0.001
602	0.001
603	0.001
604	0.001
605	0.001
606	0.001
607	0.001
608	0
609	0
610	0
611	0
612	0.001
613	0.001
614	0.001
615	0.001
616	0.001
617	0.001
618	0.001
619	0.001
620	0.001
621	0.001
622	0.001
623	0.001
624	0.001
625	0.001
626	0.001
627	0.001
628	0.001
629	0
630	0
631	0
632	0
633	0
634	0
635	0
636	0
637	0
638	0
639	0
640	0.001
641	0.001
642	0.001
643	0.001
644	0.001
645	0.001
646	0.001
647	0.001
648	0.001
649	0.001
650	0.001
651	0.001
652	0.001
653	0.001
654	0.001
655	0
656	0
657	0
658	0
659	0
660	0
661	0
662	0
663	0
664	0
665	0
666	0
667	0
668	0
669	0.001
670	0.001
671	0.001
672	0.001
673	0.001
674	0.001
675	0.001
676	0.001
677	0.001
678	0.001
679	0.001
680	0.001
681	0.001
682	0.001
683	0.001
684	0.001
685	0.001
686	0.001
687	0.001
688	0.001
689	0.001
690	0.001
691	0.001
692	0.001
693	0.001
694	0.001
695	0.001
696	0.001
697	0.002
698	0.002
699	0.002
700	0.002
701	0.002
702	0.002
703	0.002
704	0.002
705	0.002
706	0.002
707	0.002
708	0.002
709	0.002
710	0.002
711	0.002
712	0.002
713	0.002
714	0.002
715	0.002
716	0.002
717	0.002
718	0.002
719	0.002
720	0.002
721	0.002
722	0.002
723	0.002
724	0.002
725	0.002
726	0.002
727	0.002
728	0.002
729	0.002
730	0.002
731	0.002
732	0.002
733	0.003
734	0.003
735	0.003
736	0.003
737	0.003
738	0.003
739	0.003
740	0.003
741	0.003
742	0.003
743	0.003
744	0.003
745	0.003
746	0.004
747	0.004
748	0.004
749	0.004
750	0.004
751	0.004
752	0.004
753	0.004
754	0.004
755	0.004
756	0.004
757	0.004
758	0.004
759	0.004
760	0.004
761	0.004
762	0.004
763	0.004
764	0.004
765	0.004
766	0.005
767	0.005
768	0.005
769	0.005
770	0.005
771	0.005
772	0.005
773	0.006
774	0.006
775	0.006
776	0.006
777	0.006
778	0.006
779	0.006
780	0.006
781	0.006
782	0.006
783	0.006
784	0.006
785	0.006
786	0.006
787	0.006
788	0.005
789	0.005
790	0.005
791	0.005
792	0.006
793	0.006
794	0.006
795	0.007
796	0.007
797	0.008
798	0.009
799	0.009
800	0.01
801	0.01
802	0.01
803	0.01
804	0.011
805	0.011
806	0.01
807	0.009
808	0.009
809	0.008
810	0.007
811	0.007
812	0.007
813	0.006
814	0.006
815	0.006
816	0.006
817	0.006
818	0.006
819	0.006
820	0.006
821	0.006
822	0.006
823	0.006
824	0.006
825	0.006
826	0.006
827	0.006
828	0.006
829	0.006
830	0.006
831	0.006
832	0.006
833	0.006
834	0.006
835	0.006
836	0.006
837	0.006
838	0.006
839	0.005
840	0.005
841	0.005
842	0.005
843	0.006
844	0.006
845	0.006
846	0.006
847	0.006
848	0.005
849	0.005
850	0.005
851	0.005
852	0.005
853	0.005
854	0.005
855	0.005
856	0.005
857	0.005
858	0.005
859	0.005
860	0.005
861	0.005
862	0.005
863	0.004
864	0.004
865	0.004
866	0.004
867	0.004
868	0.004
869	0.004
870	0.004
871	0.004
872	0.004
873	0.004
874	0.004
875	0.004
876	0.004
877	0.004
878	0.004
879	0.004
880	0.004
881	0.003
882	0.003
883	0.003
884	0.003
885	0.003
886	0.003
887	0.003
888	0.003
889	0.003
890	0.003
891	0.003
892	0.003
893	0.002
894	0.002
895	0.002
896	0.002
897	0.002
898	0.002
899	0.002
900	0.002
901	0.002
902	0.002
903	0.002
904	0.001
905	0.001
906	0.001
907	0.001
908	0.001
909	0.001
910	0.001
911	0.001
912	0.001
913	0.001
914	0.001
915	0.001
916	0.001
917	0.001
918	0.001
919	0.001
920	0.001
921	0.001
922	0.001
923	0.001
924	0.001
925	0.001
926	0.001
927	0.001
928	0.001
929	0.001
930	0.001
931	0.001
932	0.001
933	0.001
934	0.001
935	0.001
936	0.001
937	0.001
938	0.001
939	0.001
940	0.001
941	0.001
942	0.001
943	0.001
944	0.001
945	0.001
946	0
947	0
948	0
949	0
950	0
951	0
952	0
953	0
954	0
955	0
956	0
957	0
958	0
959	0
960	0
961	0
962	0
963	0
964	0
965	0
966	0
967	0
968	0
969	0
970	0
971	0
972	0
973	0
974	0
975	0
976	0
977	0
978	0
979	0
980	0
981	0
982	0
983	0
984	0
985	0
986	0
987	0
988	0
989	0
990	0
991	0
992	0
993	0
994	0
995	0
996	0
997	0
998	0
999	0
1000	0
;; BAND MS2
350	0.009
351	0.008
352	0.008
353	0.007
354	0.007
355	0.007
356	0.006
357	0.006
358	0.006
359	0.006
360	0.006
361	0.005
362	0.005
363	0.005
364	0.005
365	0.005
366	0.005
367	0.004
368	0.004
369	0.004
370	0.003
371	0.003
372	0.003
373	0.003
374	0.003
375	0.003
376	0.003
377	0.003
378	0.002
379	0.002
380	0.002
381	0.002
382	0.002
383	0.002
384	0.002
385	0.002
386	0.002
387	0.002
388	0.002
389	0.002
390	0.002
391	0.002
392	0.002
393	0.002
394	0.002
395	0.002
396	0.002
397	0.003
398	0.003
399	0.003
400	0.004
401	0.004
402	0.004
403	0.004
404	0.005
405	0.005
406	0.005
407	0.005
408	0.005
409	0.006
410	0.006
411	0.006
412	0.005
413	0.005
414	0.005
415	0.005
416	0.005
417	0.005
418	0.005
419	0.005
420	0.005
421	0.005
422	0.005
423	0.005
424	0.005
425	0.005
426	0.005
427	0.005
428	0.004
429	0.004
430	0.004
431	0.004
432	0.004
433	0.004
434	0.004
435	0.005
436	0.004
437	0.004
438	0.004
439	0.004
440	0.004
441	0.004
442	0.004
443	0.004
444	0.004
445	0.004
446	0.004
447	0.004
448	0.004
449	0.004
450	0.005
451	0.004
452	0.004
453	0.004
454	0.004
455	0.004
456	0.004
457	0.004
458	0.004
459	0.004
460	0.004
461	0.004
462	0.003
463	0.003
464	0.003
465	0.003
466	0.004
467	0.005
468	0.006
469	0.007
470	0.008
471	0.008
472	0.007
473	0.007
474	0.007
475	0.007
476	0.007
477	0.007
478	0.007
479	0.008
480	0.008
481	0.008
482	0.008
483	0.007
484	0.007
485	0.007
486	0.007
487	0.007
488	0.007
489	0.007
490	0.007
491	0.008
492	0.008
493	0.009
494	0.009
495	0.01
496	0.009
497	0.009
498	0.009
499	0.009
500	0.008
501	0.008
502	0.008
503	0.008
504	0.008
505	0.008
506	0.007
507	0.007
508	0.007
509	0.007
510	0.006
511	0.006
512	0.005
513	0.005
514	0.004
515	0.003
516	0.045
517	0.087
518	0.129
519	0.172
520	0.214
521	0.286
522	0.358
523	0.431
524	0.503
525	0.576
526	0.594
527	0.613
528	0.632
529	0.65
530	0.669
531	0.667
532	0.665
533	0.662
534	0.66
535	0.658
536	0.654
537	0.65
538	0.646
539	0.642
540	0.638
541	0.637
542	0.636
543	0.636
544	0.635
545	0.635
546	0.636
547	0.637
548	0.638
549	0.639
550	0.64
551	0.646
552	0.653
553	0.659
554	0.666
555	0.673
556	0.686
557	0.699
558	0.712
559	0.726
560	0.739
561	0.754
562	0.77
563	0.786
564	0.801
565	0.817
566	0.834
567	0.851
568	0.867
569	0.884
570	0.901
571	0.909
572	0.918
573	0.926
574	0.934
575	0.943
576	0.949
577	0.956
578	0.962
579	0.969
580	0.976
581	0.98
582	0.985
583	0.99
584	0.995
585	1
586	0.927
587	0.854
588	0.78
589	0.707
590	0.634
591	0.527
592	0.42
593	0.314
594	0.207
595	0.1
596	0.081
597	0.061
598	0.042
599	0.023
600	0.003
601	0.003
602	0.002
603	0.002
604	0.001
605	0
606	0
607	0
608	0
609	0
610	0
611	0
612	0
613	0
614	0
615	0
616	0
617	0
618	0
619	0
620	0
621	0
622	0
623	0
624	0
625	0
626	0
627	0
628	0
629	0
630	0
631	0
632	0.001
633	0.001
634	0.001
635	0.001
636	0.001
637	0.001
638	0.001
639	0.001
640	0.001
641	0.001
642	0.001
643	0.001
644	0.001
645	0.001
646	0.001
647	0.001
648	0.001
649	0.001
650	0.001
651	0.001
652	0.001
653	0.001
654	0.001
655	0.001
656	0.001
657	0.001
658	0.001
659	0.001
660	0.001
661	0.001
662	0.001
663	0.001
664	0.001
665	0.001
666	0.001
667	0.001
668	0.001
669	0.001
670	0.001
671	0.001
672	0.001
673	0.001
674	0.001
675	0.001
676	0.001
677	0.001
678	0.001
679	0.001
680	0.001
681	0.001
682	0.001
683	0.001
684	0.001
685	0.001
686	0.001
687	0.001
688	0.001
689	0.001
690	0.001
691	0.001
692	0.001
693	0.001
694	0.001
695	0.001
696	0.001
697	0.001
698	0.001
699	0.001
700	0.001
701	0.001
702	0.001
703	0.001
704	0.001
705	0.001
706	0.001
707	0.001
708	0.001
709	0.001
710	0.001
711	0.001
712	0.001
713	0.001
714	0.001
715	0.001
716	0.001
717	0.001
718	0.001
719	0.001
720	0.001
721	0.001
722	0.001
723	0.001
724	0.001
725	0.001
726	0.001
727	0.001
728	0.001
729	0.001
730	0.001
731	0.001
732	0.001
733	0.001
734	0.001
735	0.001
736	0.001
737	0.001
738	0.001
739	0.001
740	0.001
741	0.001
742	0.001
743	0.001
744	0.001
745	0.001
746	0.001
747	0.001
748	0.001
749	0.002
750	0.002
751	0.002
752	0.002
753	0.002
754	0.002
755	0.002
756	0.002
757	0.002
758	0.002
759	0.002
760	0.002
761	0.002
762	0.002
763	0.002
764	0.002
765	0.002
766	0.002
767	0.002
768	0.002
769	0.002
770	0.002
771	0.002
772	0.002
773	0.002
774	0.002
775	0.002
776	0.002
777	0.002
778	0.002
779	0.002
780	0.002
781	0.002
782	0.002
783	0.003
784	0.003
785	0.003
786	0.003
787	0.002
788	0.002
789	0.002
790	0.002
791	0.002
792	0.002
793	0.002
794	0.002
795	0.002
796	0.003
797	0.003
798	0.003
799	0.003
800	0.003
801	0.003
802	0.004
803	0.004
804	0.004
805	0.004
806	0.004
807	0.004
808	0.004
809	0.003
810	0.003
811	0.003
812	0.003
813	0.003
814	0.002
815	0.002
816	0.002
817	0.002
818	0.002
819	0.002
820	0.002
821	0.002
822	0.002
823	0.002
824	0.001
825	0.001
826	0.002
827	0.002
828	0.002
829	0.002
830	0.002
831	0.002
832	0.002
833	0.002
834	0.002
835	0.001
836	0.002
837	0.002
838	0.002
839	0.002
840	0.002
841	0.002
842	0.002
843	0.002
844	0.002
845	0.002
846	0.002
847	0.002
848	0.002
849	0.002
850	0.002
851	0.002
852	0.002
853	0.002
854	0.002
855	0.002
856	0.002
857	0.002
858	0.002
859	0.002
860	0.002
861	0.002
862	0.002
863	0.002
864	0.002
865	0.002
866	0.001
867	0.001
868	0.001
869	0.001
870	0.001
871	0.001
872	0.001
873	0.001
874	0.001
875	0.001
876	0.001
877	0.001
878	0.001
879	0.001
880	0.001
881	0.001
882	0.001
883	0.001
884	0.001
885	0.001
886	0.001
887	0.001
888	0.001
889	0.001
890	0.001
891	0.001
892	0.001
893	0.001
894	0.001
895	0.001
896	0.001
897	0.001
898	0.001
899	0.001
900	0.001
901	0.001
902	0.001
903	0.001
904	0.001
905	0.001
906	0.001
907	0.001
908	0.001
909	0.001
910	0
911	0
912	0
913	0
914	0
915	0
916	0
917	0
918	0
919	0
920	0
921	0
922	0
923	0
924	0
925	0
926	0
927	0
928	0
929	0
930	0
931	0
932	0
933	0
934	0
935	0
936	0
937	0
938	0
939	0
940	0
941	0
942	0
943	0
944	0
945	0
946	0
947	0
948	0
949	0
950	0
951	0
952	0
953	0
954	0
955	0
956	0
957	0
958	0
959	0
960	0
961	0
962	0
963	0
964	0
965	0
966	0
967	0
968	0
969	0
970	0
971	0
972	0
973	0
974	0
975	0
976	0
977	0
978	0
979	0
980	0
981	0
982	0
983	0
984	0
985	0
986	0
987	0
988	0
989	0
990	0
991	0
992	0
993	0
994	0
995	0
996	0
997	0
998	0
999	0
1000	0
;; BAND MS3
350	0.008
351	0.007
352	0.007
353	0.006
354	0.006
355	0.005
356	0.005
357	0.005
358	0.005
359	0.005
360	0.005
361	0.005
362	0.004
363	0.004
364	0.004
365	0.004
366	0.004
367	0.004
368	0.004
369	0.004
370	0.004
371	0.005
372	0.005
373	0.006
374	0.007
375	0.008
376	0.008
377	0.008
378	0.008
379	0.007
380	0.007
381	0.007
382	0.007
383	0.006
384	0.006
385	0.006
386	0.006
387	0.006
388	0.006
389	0.006
390	0.006
391	0.006
392	0.006
393	0.006
394	0.006
395	0.006
396	0.006
397	0.006
398	0.006
399	0.006
400	0.006
401	0.006
402	0.006
403	0.006
404	0.006
405	0.006
406	0.006
407	0.006
408	0.006
409	0.006
410	0.006
411	0.006
412	0.006
413	0.006
414	0.006
415	0.006
416	0.006
417	0.006
418	0.006
419	0.006
420	0.006
421	0.006
422	0.006
423	0.006
424	0.006
425	0.006
426	0.006
427	0.007
428	0.007
429	0.007
430	0.008
431	0.007
432	0.007
433	0.007
434	0.007
435	0.007
436	0.007
437	0.007
438	0.006
439	0.006
440	0.006
441	0.006
442	0.006
443	0.006
444	0.006
445	0.005
446	0.005
447	0.005
448	0.005
449	0.005
450	0.005
451	0.005
452	0.005
453	0.005
454	0.005
455	0.005
456	0.006
457	0.006
458	0.007
459	0.007
460	0.007
461	0.008
462	0.008
463	0.008
464	0.009
465	0.009
466	0.009
467	0.009
468	0.009
469	0.009
470	0.009
471	0.009
472	0.009
473	0.009
474	0.009
475	0.008
476	0.008
477	0.008
478	0.008
479	0.008
480	0.008
481	0.007
482	0.007
483	0.007
484	0.007
485	0.007
486	0.007
487	0.007
488	0.007
489	0.007
490	0.006
491	0.006
492	0.006
493	0.006
494	0.006
495	0.006
496	0.006
497	0.006
498	0.006
499	0.005
500	0.005
501	0.005
502	0.005
503	0.005
504	0.005
505	0.005
506	0.005
507	0.005
508	0.005
509	0.004
510	0.004
511	0.004
512	0.004
513	0.004
514	0.004
515	0.004
516	0.004
517	0.004
518	0.004
519	0.004
520	0.004
521	0.003
522	0.003
523	0.003
524	0.003
525	0.003
526	0.003
527	0.003
528	0.003
529	0.003
530	0.003
531	0.003
532	0.003
533	0.003
534	0.003
535	0.003
536	0.003
537	0.003
538	0.002
539	0.002
540	0.002
541	0.002
542	0.002
543	0.002
544	0.002
545	0.002
546	0.002
547	0.002
548	0.002
549	0.002
550	0.002
551	0.002
552	0.002
553	0.002
554	0.002
555	0.001
556	0.001
557	0.001
558	0.001
559	0.001
560	0.001
561	0.001
562	0.001
563	0.001
564	0.001
565	0.001
566	0.001
567	0.001
568	0.001
569	0.001
570	0.001
571	0
572	0
573	0
574	0
575	0
576	0
577	0
578	0
579	0
580	0
581	0
582	0
583	0
584	0
585	0
586	0
587	0
588	0
589	0
590	0.001
591	0.001
592	0.001
593	0.001
594	0.001
595	0.001
596	0.001
597	0.001
598	0.001
599	0.001
600	0.001
601	0.001
602	0.001
603	0.001
604	0.001
605	0.001
606	0.001
607	0.001
608	0.001
609	0.001
610	0.001
611	0.001
612	0.001
613	0.001
614	0.001
615	0.001
616	0.001
617	0.001
618	0.001
619	0.002
620	0.002
621	0.009
622	0.016
623	0.023
624	0.03
625	0.037
626	0.086
627	0.134
628	0.182
629	0.23
630	0.278
631	0.373
632	0.467
633	0.562
634	0.657
635	0.752
636	0.787
637	0.823
638	0.859
639	0.894
640	0.93
641	0.935
642	0.94
643	0.946
644	0.951
645	0.956
646	0.965
647	0.974
648	0.982
649	0.991
650	1
651	0.998
652	0.996
653	0.995
654	0.993
655	0.991
656	0.989
657	0.988
658	0.986
659	0.985
660	0.983
661	0.981
662	0.979
663	0.977
664	0.974
665	0.972
666	0.968
667	0.964
668	0.96
669	0.956
670	0.952
671	0.955
672	0.957
673	0.96
674	0.962
675	0.965
676	0.968
677	0.971
678	0.974
679	0.977
680	0.98
681	0.967
682	0.954
683	0.941
684	0.928
685	0.915
686	0.82
687	0.725
688	0.63
689	0.535
690	0.44
691	0.362
692	0.283
693	0.205
694	0.126
695	0.048
696	0.039
697	0.03
698	0.021
699	0.012
700	0.003
701	0.002
702	0.002
703	0.001
704	0.001
705	0.001
706	0.001
707	0.001
708	0.001
709	0.001
710	0.001
711	0.001
712	0.001
713	0.001
714	0.001
715	0.001
716	0.001
717	0.001
718	0.001
719	0.001
720	0.001
721	0.001
722	0.001
723	0.001
724	0.001
725	0.001
726	0.001
727	0.001
728	0.001
729	0.001
730	0.001
731	0.001
732	0.001
733	0.001
734	0.001
735	0.001
736	0.001
737	0.001
738	0.001
739	0.001
740	0.001
741	0.001
742	0.001
743	0.001
744	0.001
745	0.001
746	0.001
747	0.001
748	0.001
749	0.001
750	0.001
751	0.001
752	0.001
753	0.001
754	0.001
755	0.001
756	0.001
757	0.001
758	0.001
759	0.001
760	0.001
761	0.001
762	0.001
763	0.001
764	0.001
765	0.001
766	0.001
767	0.002
768	0.002
769	0.002
770	0.002
771	0.002
772	0.002
773	0.002
774	0.002
775	0.002
776	0.003
777	0.003
778	0.003
779	0.003
780	0.003
781	0.003
782	0.003
783	0.003
784	0.003
785	0.003
786	0.003
787	0.003
788	0.003
789	0.003
790	0.003
791	0.003
792	0.003
793	0.003
794	0.003
795	0.003
796	0.003
797	0.003
798	0.003
799	0.003
800	0.003
801	0.003
802	0.003
803	0.003
804	0.003
805	0.003
806	0.003
807	0.003
808	0.003
809	0.003
810	0.003
811	0.002
812	0.002
813	0.002
814	0.002
815	0.002
816	0.002
817	0.002
818	0.002
819	0.002
820	0.002
821	0.002
822	0.002
823	0.002
824	0.002
825	0.002
826	0.002
827	0.002
828	0.002
829	0.002
830	0.002
831	0.002
832	0.002
833	0.002
834	0.002
835	0.002
836	0.002
837	0.002
838	0.002
839	0.002
840	0.002
841	0.002
842	0.002
843	0.002
844	0.002
845	0.002
846	0.002
847	0.002
848	0.002
849	0.002
850	0.002
851	0.002
852	0.002
853	0.002
854	0.002
855	0.002
856	0.002
857	0.002
858	0.002
859	0.002
860	0.002
861	0.002
862	0.002
863	0.002
864	0.002
865	0.002
866	0.002
867	0.002
868	0.002
869	0.002
870	0.002
871	0.002
872	0.002
873	0.002
874	0.001
875	0.001
876	0.001
877	0.001
878	0.001
879	0.001
880	0.001
881	0.001
882	0.001
883	0.001
884	0.001
885	0.001
886	0.001
887	0.001
888	0.001
889	0.001
890	0.001
891	0.001
892	0.001
893	0.001
894	0.001
895	0.001
896	0.001
897	0.001
898	0.001
899	0.001
900	0.001
901	0.001
902	0
903	0
904	0
905	0
906	0
907	0
908	0
909	0
910	0
911	0
912	0
913	0
914	0
915	0
916	0
917	0
918	0
919	0
920	0
921	0
922	0
923	0
924	0
925	0
926	0
927	0
928	0
929	0
930	0
931	0
932	0
933	0
934	0
935	0
936	0
937	0
938	0
939	0
940	0
941	0
942	0
943	0
944	0
945	0
946	0
947	0
948	0
949	0
950	0
951	0
952	0
953	0
954	0
955	0
956	0
957	0
958	0
959	0
960	0
961	0
962	0
963	0
964	0
965	0
966	0
967	0
968	0
969	0
970	0
971	0
972	0
973	0
974	0
975	0
976	0
977	0
978	0
979	0
980	0
981	0
982	0
983	0
984	0
985	0
986	0
987	0
988	0
989	0
990	0
991	0
992	0
993	0
994	0
995	0
996	0
997	0
998	0
999	0
1000	0
;; BAND MS4
350	0.005
351	0.006
352	0.007
353	0.008
354	0.009
355	0.01
356	0.009
357	0.008
358	0.007
359	0.007
360	0.006
361	0.006
362	0.006
363	0.007
364	0.007
365	0.007
366	0.007
367	0.007
368	0.007
369	0.007
370	0.006
371	0.006
372	0.006
373	0.006
374	0.006
375	0.006
376	0.006
377	0.006
378	0.005
379	0.005
380	0.005
381	0.005
382	0.005
383	0.005
384	0.005
385	0.005
386	0.005
387	0.005
388	0.006
389	0.006
390	0.006
391	0.006
392	0.006
393	0.007
394	0.007
395	0.007
396	0.009
397	0.012
398	0.014
399	0.016
400	0.019
401	0.019
402	0.018
403	0.018
404	0.017
405	0.017
406	0.017
407	0.016
408	0.016
409	0.016
410	0.015
411	0.016
412	0.016
413	0.017
414	0.017
415	0.018
416	0.018
417	0.017
418	0.017
419	0.017
420	0.016
421	0.017
422	0.017
423	0.017
424	0.018
425	0.018
426	0.018
427	0.017
428	0.017
429	0.017
430	0.016
431	0.016
432	0.016
433	0.015
434	0.015
435	0.015
436	0.014
437	0.014
438	0.014
439	0.013
440	0.013
441	0.013
442	0.012
443	0.012
444	0.011
445	0.011
446	0.01
447	0.01
448	0.009
449	0.009
450	0.008
451	0.007
452	0.007
453	0.007
454	0.006
455	0.006
456	0.005
457	0.005
458	0.005
459	0.004
460	0.004
461	0.004
462	0.004
463	0.003
464	0.003
465	0.003
466	0.003
467	0.003
468	0.002
469	0.002
470	0.002
471	0.002
472	0.002
473	0.002
474	0.001
475	0.001
476	0.001
477	0.001
478	0.001
479	0.001
480	0.001
481	0.001
482	0.001
483	0.001
484	0.001
485	0.001
486	0.001
487	0.001
488	0.002
489	0.002
490	0.002
491	0.002
492	0.002
493	0.002
494	0.001
495	0.001
496	0.002
497	0.002
498	0.002
499	0.003
500	0.003
501	0.003
502	0.004
503	0.004
504	0.004
505	0.004
506	0.005
507	0.005
508	0.006
509	0.006
510	0.007
511	0.007
512	0.006
513	0.006
514	0.006
515	0.006
516	0.005
517	0.005
518	0.005
519	0.004
520	0.004
521	0.004
522	0.004
523	0.004
524	0.004
525	0.004
526	0.004
527	0.004
528	0.005
529	0.005
530	0.005
531	0.006
532	0.006
533	0.006
534	0.007
535	0.007
536	0.007
537	0.008
538	0.008
539	0.009
540	0.009
541	0.009
542	0.009
543	0.009
544	0.009
545	0.009
546	0.009
547	0.009
548	0.009
549	0.009
550	0.009
551	0.009
552	0.01
553	0.01
554	0.01
555	0.01
556	0.009
557	0.009
558	0.008
559	0.008
560	0.007
561	0.007
562	0.008
563	0.008
564	0.008
565	0.009
566	0.009
567	0.009
568	0.01
569	0.01
570	0.011
571	0.01
572	0.009
573	0.008
574	0.008
575	0.007
576	0.007
577	0.006
578	0.006
579	0.006
580	0.005
581	0.006
582	0.006
583	0.007
584	0.007
585	0.007
586	0.008
587	0.008
588	0.009
589	0.009
590	0.01
591	0.01
592	0.01
593	0.01
594	0.01
595	0.01
596	0.009
597	0.009
598	0.008
599	0.008
600	0.007
601	0.007
602	0.007
603	0.006
604	0.006
605	0.005
606	0.005
607	0.006
608	0.006
609	0.006
610	0.006
611	0.007
612	0.008
613	0.01
614	0.011
615	0.012
616	0.012
617	0.012
618	0.012
619	0.012
620	0.012
621	0.011
622	0.01
623	0.009
624	0.008
625	0.007
626	0.007
627	0.007
628	0.007
629	0.007
630	0.007
631	0.009
632	0.011
633	0.013
634	0.015
635	0.017
636	0.018
637	0.018
638	0.019
639	0.02
640	0.021
641	0.019
642	0.017
643	0.015
644	0.013
645	0.011
646	0.012
647	0.012
648	0.012
649	0.012
650	0.012
651	0.014
652	0.016
653	0.018
654	0.02
655	0.022
656	0.021
657	0.021
658	0.02
659	0.02
660	0.019
661	0.018
662	0.016
663	0.014
664	0.013
665	0.011
666	0.012
667	0.013
668	0.013
669	0.014
670	0.015
671	0.016
672	0.017
673	0.018
674	0.019
675	0.02
676	0.018
677	0.016
678	0.014
679	0.011
680	0.009
681	0.008
682	0.007
683	0.006
684	0.005
685	0.004
686	0.004
687	0.003
688	0.003
689	0.003
690	0.003
691	0.004
692	0.005
693	0.005
694	0.006
695	0.007
696	0.008
697	0.009
698	0.009
699	0.01
700	0.011
701	0.01
702	0.008
703	0.007
704	0.005
705	0.004
706	0.003
707	0.003
708	0.002
709	0.002
710	0.002
711	0.002
712	0.002
713	0.001
714	0.001
715	0.001
716	0.001
717	0.001
718	0.001
719	0.002
720	0.002
721	0.002
722	0.002
723	0.002
724	0.002
725	0.002
726	0.002
727	0.002
728	0.002
729	0.002
730	0.002
731	0.002
732	0.002
733	0.002
734	0.002
735	0.003
736	0.003
737	0.003
738	0.003
739	0.003
740	0.003
741	0.003
742	0.003
743	0.004
744	0.004
745	0.004
746	0.004
747	0.004
748	0.004
749	0.005
750	0.005
751	0.005
752	0.006
753	0.006
754	0.007
755	0.007
756	0.008
757	0.01
758	0.011
759	0.012
760	0.013
761	0.019
762	0.025
763	0.031
764	0.037
765	0.043
766	0.074
767	0.105
768	0.136
769	0.166
770	0.197
771	0.279
772	0.361
773	0.443
774	0.525
775	0.607
776	0.665
777	0.723
778	0.781
779	0.839
780	0.897
781	0.907
782	0.917
783	0.927
784	0.937
785	0.946
786	0.95
787	0.953
788	0.956
789	0.96
790	0.963
791	0.963
792	0.963
793	0.963
794	0.963
795	0.964
796	0.964
797	0.964
798	0.965
799	0.965
800	0.966
801	0.969
802	0.973
803	0.976
804	0.98
805	0.984
806	0.987
807	0.99
808	0.993
809	0.997
810	1
811	0.999
812	0.998
813	0.997
814	0.996
815	0.995
816	0.994
817	0.993
818	0.991
819	0.99
820	0.989
821	0.985
822	0.982
823	0.979
824	0.976
825	0.972
826	0.967
827	0.963
828	0.958
829	0.953
830	0.948
831	0.942
832	0.936
833	0.93
834	0.924
835	0.918
836	0.913
837	0.908
838	0.902
839	0.897
840	0.892
841	0.888
842	0.884
843	0.88
844	0.876
845	0.872
846	0.871
847	0.869
848	0.868
849	0.866
850	0.865
851	0.862
852	0.86
853	0.857
854	0.855
855	0.852
856	0.848
857	0.843
858	0.839
859	0.834
860	0.829
861	0.823
862	0.817
863	0.812
864	0.806
865	0.8
866	0.797
867	0.794
868	0.791
869	0.788
870	0.785
871	0.784
872	0.784
873	0.783
874	0.783
875	0.783
876	0.783
877	0.784
878	0.784
879	0.785
880	0.786
881	0.781
882	0.777
883	0.773
884	0.768
885	0.764
886	0.719
887	0.675
888	0.63
889	0.585
890	0.541
891	0.472
892	0.403
893	0.334
894	0.265
895	0.196
896	0.166
897	0.136
898	0.107
899	0.077
900	0.047
901	0.04
902	0.033
903	0.026
904	0.019
905	0.012
906	0.01
907	0.009
908	0.007
909	0.005
910	0.003
911	0.003
912	0.002
913	0.002
914	0.001
915	0.001
916	0.001
917	0
918	0
919	0
920	0
921	0
922	0
923	0
924	0
925	0
926	0
927	0
928	0
929	0
930	0
931	0
932	0
933	0
934	0
935	0
936	0
937	0
938	0
939	0
940	0
941	0
942	0
943	0
944	0
945	0
946	0
947	0
948	0
949	0
950	0
951	0
952	0
953	0
954	0
955	0
956	0
957	0
958	0
959	0
960	0
961	0
962	0
963	0
964	0
965	0
966	0
967	0
968	0
969	0
970	0
971	0
972	0
973	0
974	0
975	0
976	0
977	0
978	0
979	0
980	0
981	0
982	0
983	0
984	0
985	0
986	0
987	0
988	0
989	0
990	0
991	0
992	0
993	0
994	0
995	0
996	0
997	0
998	0
999	0
1000	0